# Satellite parameters in the following order from left to right:
# Satellite ID, components of initial position (X, Y, Z) in meters, components of initial velocity (U, V, W) in meters per second
0001,-1.66255336763374e+06,-6.21658975406956e+06,-2.41583145332890e+06, 3.90400263110352e+03,-3.24806555199713e+03, 5.67194171177102e+03
0002,-2.22076401081456e+06,-2.22108307379016e+06,-6.11323886823642e+06, 8.40215863641528e+02,-7.20368313203179e+03, 2.30853393841620e+03
0003,-1.03957582270784e+06,-3.60143189631586e-10, 6.79146894028142e+06, 7.53028849687317e+03, 2.99999999999994e+00, 1.15525642325041e+03
0004, 6.79110225757073e+06, 4.75378788421192e+05, 9.50757576842384e+05, 1.18130306168964e+03,-3.36221359242321e+03,-6.72492718484640e+03
0005, 3.43843560457513e+05,-6.21971840241805e+05, 6.83313300333278e+06,-7.60457137143781e+03,-3.30516596873392e+01, 3.81092886452372e+02
0006, 2.74396733113288e+06,-1.58089064708969e+06,-6.09496891647727e+06, 7.20843728226558e+02, 7.41361696285720e+03,-1.59793490657942e+03
0007,-6.31741551900740e+06, 3.42841594766128e+05, 2.68561624272210e+06,-3.55536957234866e+02,-7.60233850999762e+03, 1.51143426352946e+02
0008,-6.16561054976380e+06, 1.53268187962134e+06, 2.62108195810841e+06,-1.56883376889159e+03,-7.41929789964146e+03, 6.66931823494852e+02
0009,-6.53473740630982e+06, 1.62625316408915e+06, 1.37365715550440e+06,-1.76960044631078e+03,-7.39469811696995e+03, 3.71985003270595e+02
0010,-6.86492151110141e+06, 6.23555058304786e+04, 1.24711011660957e+05, 1.49364692880946e+02, 3.40696535768750e+03, 6.81393071537499e+03
0011,-6.66938187437581e+06, 1.65949783793332e+06, 0.00000000000000e+00,-1.84507063388882e+03,-7.38558968532738e+03, 0.00000000000000e+00
0012,-6.53473740630982e+06, 1.62625316408915e+06,-1.37365715550440e+06,-1.76960044631078e+03,-7.39469811696995e+03,-3.71985003270595e+02
0013,-6.48612057190447e+06, 1.38683041502915e+06,-1.77850581304715e+06, 2.49574603655527e+03, 4.42652483130175e+03,-5.67668552603981e+03
0014,-6.16561054976380e+06, 1.53268187962134e+06,-2.62108195810841e+06,-1.56883376889159e+03,-7.41929789964146e+03,-6.66931823494852e+02
0015,-5.64153643453494e+06, 1.40210517900451e+06,-3.66609260919194e+06,-1.30823691372283e+03,-7.45109787401813e+03,-8.50143881214994e+02
0016,-5.04635372030077e+06, 1.25459027222597e+06,-4.49356286498272e+06,-1.04329087006571e+03,-7.48352516370492e+03,-9.29006044947492e+02
0017,-4.44083741172948e+06, 1.10198176108993e+06,-5.12783735017876e+06,-8.03982524578524e+02,-7.51321992278991e+03,-9.28359053978320e+02
0018,-3.85775422074096e+06, 9.60462950099421e+05,-5.60564500792096e+06,-6.07471169559418e+02,-7.53731403212118e+03,-8.82707278444171e+02
0019,-3.31240027676086e+06, 8.19999100690378e+05,-5.96499721105751e+06,-4.44761636446555e+02,-7.55797423905052e+03,-8.00930352410030e+02
0020,-2.33796007105788e+06, 5.77441071894922e+05,-6.43585194517515e+06,-2.21181957984762e+02,-7.58616439172470e+03,-6.08861696209277e+02
0021,-9.56321493157269e+05, 3.60789175319368e-10,-6.80365073869033e+06,-7.54205578564304e+03,-5.57666569421025e-14, 1.05163037766464e+03
0022,-1.21714013040806e+05, 3.64254120834681e-10,-6.86899161011175e+06,-7.61448240529309e+03,-6.70719532771004e-15, 1.26482216118366e+02
0023,-1.11579246832767e+06, 6.14445795839943e+05, 6.75045006005527e+06,-7.51494299744169e+03,-1.12133237113421e+02,-1.23192285199338e+03
0024,-1.88375395517256e+06, 1.03986131512963e+06, 6.52551511863540e+06,-3.21866220384736e+02,-7.52542109012610e+03, 1.11497729389304e+03
0025,-2.30563863456272e+06, 1.27119412693866e+06, 6.34687866350397e+06,-4.83707210892541e+02,-7.48121715117286e+03, 1.33153171974806e+03
0026,-3.22170088483533e+06, 1.78336304639281e+06, 5.80166501244732e+06,-9.63064391143212e+02,-7.35085212877057e+03, 1.73429414540919e+03
0027,-3.71684465426014e+06, 2.05819383777354e+06, 5.40089142261872e+06,-1.29711895604813e+03,-7.26176072522813e+03, 1.88482417090178e+03
0028,-4.23028870874297e+06, 2.33800285936338e+06, 4.88471664948519e+06,-1.70066825197881e+03,-7.15667352928165e+03, 1.96376254616443e+03
0029,-4.74312824617402e+06, 2.62436605836940e+06, 4.22355350658770e+06,-2.17690094091696e+03,-7.03342420711320e+03, 1.93843748794274e+03
0030,-5.22608872010953e+06, 2.89445940905384e+06, 3.39611831884842e+06,-2.69487980360773e+03,-6.90185491136154e+03, 1.75123905434484e+03
0031,-5.63609969373741e+06, 3.11728689309326e+06, 2.39597994426057e+06,-3.18478863038539e+03,-6.78148492859536e+03, 1.35389544184101e+03
0032,-5.91137769873620e+06, 3.27648776061253e+06, 1.24262166478448e+06,-3.55911566223289e+03,-6.68859822141375e+03, 7.48156259802162e+02
0033,-6.57360201297933e+06, 1.76689981174478e+06, 9.08373445879706e+05, 2.19724994271250e+03, 6.48775525336284e+03, 3.33539262178188e+03
0034,-6.01315838391746e+06, 3.32653616854570e+06, 0.00000000000000e+00,-3.69231132746105e+03,-6.65816523411769e+03, 0.00000000000000e+00
0035,-5.91137769873620e+06, 3.27648776061253e+06,-1.24262166478448e+06,-3.55911566223289e+03,-6.68859822141375e+03,-7.48156259802162e+02
0036,-5.63609969373741e+06, 3.11728689309326e+06,-2.39597994426057e+06,-3.18478863038539e+03,-6.78148492859536e+03,-1.35389544184101e+03
0037,-6.05614051840139e+06, 1.98147329764612e+06,-2.57454481116380e+06,-2.02648769520198e+03,-7.28741237702657e+03,-8.61486513517495e+02
0038,-5.28883338648750e+06, 2.72776831216224e+06,-3.43689227472795e+06,-2.53998915041096e+03,-6.98479638857201e+03,-1.65058500637282e+03
0039,-4.74312824617402e+06, 2.62436605836940e+06,-4.22355350658770e+06,-2.17690094091696e+03,-7.03342420711320e+03,-1.93843748794274e+03
0040,-4.23028870874297e+06, 2.33800285936338e+06,-4.88471664948519e+06,-1.70066825197881e+03,-7.15667352928165e+03,-1.96376254616443e+03
0041,-3.72705717160619e+06, 2.00000951997181e+06,-5.41573107895853e+06,-1.26056341359908e+03,-7.28172890461075e+03,-1.83170585845470e+03
0042,-3.30530215968612e+06, 9.33257812746418e+05,-5.95221486441553e+06,-5.05694624846122e+02,-7.54176031625041e+03,-9.10658970782278e+02
0043,-2.30563863456272e+06, 1.27119412693866e+06,-6.34687866350397e+06,-4.83707210892541e+02,-7.48121715117286e+03,-1.33153171974806e+03
0044,-1.66759608075902e+06, 6.04060071576864e+05,-6.63634998247300e+06, 7.38654398289640e+03, 1.68341548186990e+02,-1.84944094623551e+03
0045,-6.47640497689611e+05, 6.19965119619820e+05, 6.81108668543963e+06,-7.58186692268494e+03,-6.50816806702580e+01,-7.15003077836149e+02
0046,-1.84073976538929e+06, 1.77719424159730e+06, 6.37650959433331e+06,-5.48529336977236e+02,-7.35350814697236e+03, 1.90016136217328e+03
0047,-2.22839030862202e+06, 2.14793432006401e+06, 6.13423226508108e+06,-8.15497489050952e+02,-7.23043627226000e+03, 2.24487200023874e+03
0048,-2.62308104445845e+06, 2.52613094167458e+06, 5.82645327077357e+06,-1.15243994272255e+03,-7.07822435311150e+03, 2.55982844595342e+03
0049,-3.02136467312910e+06, 2.91177699596844e+06, 5.44089794196811e+06,-1.57021542149504e+03,-6.89344900372125e+03, 2.82765663186596e+03
0050,-3.80335423755827e+06, 3.66862251603928e+06, 4.39173518575555e+06,-2.66607904108483e+03,-6.43382752134691e+03, 3.07852290410228e+03
0051,-4.16285068673809e+06, 4.01768624995115e+06, 3.70684107678429e+06,-3.33012382320805e+03,-6.17221889090401e+03, 2.96533330344311e+03
0052,-4.48122398788800e+06, 4.31859295226013e+06, 2.91207587379237e+06,-4.01829290872967e+03,-5.91725729096302e+03, 2.61124502255858e+03
0053,-4.73022374053073e+06, 4.55993166567530e+06, 2.01088018843424e+06,-4.65616217554562e+03,-5.69048011801483e+03, 1.97939564522398e+03
0054,-4.89106475660455e+06, 4.71506867114507e+06, 1.02814324175564e+06,-5.11932046264259e+03,-5.53300429158508e+03, 1.07612452461196e+03
0055,-5.90358929337091e+06, 3.40859603758443e+06, 8.36603003451099e+05, 3.88605925987570e+03, 6.36310239071872e+03, 1.56175460883145e+03
0056,-4.94278881030902e+06, 4.77286003348028e+06, 0.00000000000000e+00,-5.29519478177513e+03,-5.47180697801956e+03, 0.00000000000000e+00
0057,-4.89106475660455e+06, 4.71506867114507e+06,-1.02814324175564e+06,-5.11932046264259e+03,-5.53300429158508e+03,-1.07612452461196e+03
0058,-4.73022374053073e+06, 4.55993166567530e+06,-2.01088018843424e+06,-4.65616217554562e+03,-5.69048011801483e+03,-1.97939564522398e+03
0059,-4.48122398788800e+06, 4.31859295226013e+06,-2.91207587379237e+06,-4.01829290872967e+03,-5.91725729096302e+03,-2.61124502255858e+03
0060,-4.16285068673809e+06, 4.01768624995115e+06,-3.70684107678429e+06,-3.33012382320805e+03,-6.17221889090401e+03,-2.96533330344311e+03
0061,-4.64429892692267e+06, 2.92377970590486e+06,-4.13555021082727e+06,-2.42470706753557e+03,-6.88674635928691e+03,-2.15909827987435e+03
0062,-3.41785510727397e+06, 3.29605595315641e+06,-4.96643417998971e+06,-2.07487463718114e+03,-6.67718653947975e+03,-3.01496932838360e+03
0063,-3.02136467312910e+06, 2.91177699596844e+06,-5.44089794196811e+06,-1.57021542149504e+03,-6.89344900372125e+03,-2.82765663186596e+03
0064,-2.67951597615150e+06, 2.14676174395590e+06,-5.95180795359724e+06,-9.79826613402355e+02,-7.23060289897160e+03,-2.17641539841472e+03
0065,-2.29808603902312e+06, 1.38324331409970e+06,-6.32608815159729e+06,-5.26109370333531e+02,-7.45669723208922e+03,-1.44825485103509e+03
0066,-1.27155381712566e+06, 1.22229759874617e+06,-6.64005704760573e+06,-7.48525221968817e+03,-2.53660388911039e+02, 1.37799456925627e+03
0067,-7.23542377418542e+05, 6.19271398423577e+05,-6.80346529666527e+06, 7.57258093382926e+03, 7.34707220416949e+01,-8.07167114457480e+02
0068,-3.74264334860699e+05, 6.21827519765689e+05, 6.83154746369158e+06,-7.60430648421159e+03,-3.76085340327793e+01,-4.13176447034064e+02
0069,-5.64198237510402e+05, 6.20639097245211e+05, 6.81849116657140e+06,-7.59000660151827e+03,-5.66958929489982e+01,-6.22874786602247e+02
0070,-1.21949342458170e+06, 1.22402857721619e+06, 6.64946048241645e+06, 7.49436470732700e+03, 2.44717108240556e+02, 1.32941074326682e+03
0071,-1.73537538750772e+06, 2.83694049150686e+06, 6.01151668273579e+06,-8.74330258440004e+02,-6.93239936021674e+03, 3.02876886042582e+03
0072,-1.73009745723127e+06, 2.87848229921870e+06, 5.99323339594056e+06,-8.87102200601496e+02,-6.91130439572466e+03, 3.07301216589589e+03
0073,-2.32884685619036e+06, 3.87499278646480e+06, 5.17289292721128e+06,-1.76622229645639e+03,-6.28374159886727e+03, 3.92317717282965e+03
0074,-2.59501125109823e+06, 4.31576965854587e+06, 4.67311725097448e+06,-2.32573312008629e+03,-5.91997905748592e+03, 4.18819901456628e+03
0075,-2.83580897910736e+06, 4.70917047274165e+06, 4.12067164924191e+06,-2.96285765322747e+03,-5.53914515068497e+03, 4.30528417899185e+03
0076,-3.04147755737605e+06, 5.06095603013108e+06, 3.51199577297055e+06,-3.67640704686077e+03,-5.14382514277091e+03, 4.24514919631141e+03
0077,-3.61993680059392e+06, 5.34446504761571e+06, 2.35237753126259e+06,-4.97174316313635e+03,-4.77870762069906e+03, 3.23083455662858e+03
0078,-4.26278578670149e+06, 5.07454292112694e+06, 1.81216617991421e+06,-5.18108012274032e+03,-5.12749486786585e+03, 2.20254515325317e+03
0079,-4.37882654096474e+06, 5.21389712845893e+06, 9.20466429898287e+05,-5.66038406181882e+03,-4.95282688979967e+03, 1.18986067625498e+03
0080,-4.41942574668439e+06, 5.26067700705802e+06, 0.00000000000000e+00,-5.83587889057137e+03,-4.89170707161099e+03, 0.00000000000000e+00
0081,-4.37882654096474e+06, 5.21389712845893e+06,-9.20466429898287e+05,-5.66038406181882e+03,-4.95282688979967e+03,-1.18986067625498e+03
0082,-4.26278578670149e+06, 5.07454292112694e+06,-1.81216617991421e+06,-5.18108012274032e+03,-5.12749486786585e+03,-2.20254515325317e+03
0083,-3.96120434794283e+06, 4.98875198196365e+06,-2.57414662690011e+06,-4.64112745581650e+03,-5.22984713223848e+03,-3.01598744624420e+03
0084,-3.85821820515757e+06, 4.52966983783271e+06,-3.43557883823155e+06,-3.75392396220042e+03,-5.72009699296970e+03,-3.34270926087741e+03
0085,-3.58163831289083e+06, 4.15631237253607e+06,-4.13571968817481e+06,-3.01994648375375e+03,-6.05843473274568e+03,-3.48713383066698e+03
0086,-3.34497114026554e+06, 3.52075563029479e+06,-4.86052757670699e+06,-2.21606422708515e+03,-6.53468671070015e+03,-3.22012981153739e+03
0087,-2.43741663556783e+06, 3.45669406996207e+06,-5.41405083862900e+06,-1.57587230687819e+03,-6.57690678288060e+03,-3.50036701158335e+03
0088,-2.16173368536997e+06, 2.66824993586492e+06,-5.95074232283351e+06,-1.01241553922317e+03,-7.01404230593472e+03,-2.78694088838169e+03
0089,-1.82574509523468e+06, 1.96764952193245e+06,-6.32456653323226e+06,-6.07079350043655e+02,-7.29358041246740e+03,-2.10298455700300e+03
0090,-7.44340378590448e+05, 1.23641079826978e+06,-6.71672614198760e+06,-7.57166756688804e+03,-1.47858618196059e+02, 8.03232912188608e+02
0091,-6.17437115811381e+05, 6.20220039298798e+05,-6.81388729466162e+06, 7.58418218100493e+03, 6.28083266463531e+01,-6.90027460928845e+02
0092,-1.83797317253768e+05, 6.22538674484898e+05, 6.83936038136388e+06,-7.61277503603077e+03,-1.84684982446550e+01,-2.02899386616103e+02
0093,-7.06601435775703e+05, 1.23713206224947e+06, 6.72064436450268e+06, 7.57522218329968e+03, 1.41805084739182e+02, 7.70347461432156e+02
0094,-1.06147337567794e+06, 1.83852581755585e+06, 6.53375826694771e+06,-7.52415427221742e+03,-3.18725399976045e+02,-1.13268723076631e+03
0095,-1.43602287658606e+06, 3.00456230748451e+06, 6.00912461496901e+06, 7.44544234950651e+03, 7.15564320564121e+02, 1.43112864112824e+03
0096,-1.58458211581855e+06, 3.81416923996629e+06, 5.48915346672543e+06,-1.17478970350262e+03,-6.32967606212455e+03, 4.06959090935061e+03
0097,-1.42733943697770e+06, 4.54948412397722e+06, 4.94444884898425e+06,-1.40088662210901e+03,-5.70111541899590e+03, 4.85281361027270e+03
0098,-1.36995379821622e+06, 4.77309198904968e+06, 4.74565916506492e+06,-1.46964472406590e+03,-5.47170926230584e+03, 5.09099866231535e+03
0099,-1.51024388747465e+06, 5.25502485725548e+06, 4.15734476444442e+06,-1.99154134020079e+03,-4.89872555416215e+03, 5.48224298904662e+03
0100,-1.69883840530524e+06, 5.91053131415538e+06, 3.05928194149065e+06,-3.18403704413424e+03,-3.87346459528594e+03, 5.73383966346522e+03
0101,-1.75844992254308e+06, 6.12854871733998e+06, 2.55517730419055e+06,-3.85491227319085e+03,-3.43230820138224e+03, 5.60151541640594e+03
0102,-2.64022956582513e+06, 5.89005362095463e+06,-2.35101187701012e+06,-4.88012727901579e+03,-3.91223846059553e+03,-4.34554530514906e+03
0103,-2.89408540907207e+06, 5.67246809298510e+06,-2.57705968370357e+06,-4.69998424649576e+03,-4.28906078327843e+03,-4.18513561407629e+03
0104,-2.36487914422438e+06, 5.45786038405240e+06,-3.43637054374385e+06,-3.43338077784469e+03,-4.61826839109757e+03,-4.98899429988059e+03
0105,-2.29669333916823e+06, 4.98102268048768e+06,-4.13590394219796e+06,-2.68375784951352e+03,-5.23878478275465e+03,-4.83293284323611e+03
0106,-2.18859566997514e+06, 4.33252420339193e+06,-4.86136348195075e+06,-1.97443441501960e+03,-5.90501292044532e+03,-4.38566314206046e+03
0107,-1.96689752089318e+06, 3.74302941900571e+06,-5.41440437435392e+06,-1.41920501376541e+03,-6.38149324059002e+03,-3.90673624477751e+03
0108,-1.71025203368998e+06, 2.97563533953826e+06,-5.95127067907650e+06, 7.37374036450480e+03, 8.51511811051545e+02,-1.70302362210309e+03
0109,-7.12444083376597e+05, 2.45810426581219e+06,-6.37509309886163e+06,-7.57583289355911e+03,-2.81146821275535e+02, 7.29154245004447e+02
0110,-3.57224999382388e+05, 1.24201085925246e+06,-6.74714813122592e+06,-7.60595812020927e+03,-7.01690039507641e+01, 3.81188828060152e+02
0111,-3.51579320780285e+05, 6.21937666517907e+05,-6.83275756254023e+06, 7.60518724405922e+03, 3.60929838745833e+01,-3.96526246600305e+02
0112,-1.62806646055004e+04, 6.22768244125664e+05, 6.84188248893755e+06,-7.61537660895393e+03,-1.63544961831826e+00,-1.79674448892728e+01
0113,-3.26927331498414e+05, 1.24228082832064e+06, 6.74861472169919e+06, 7.60721594882861e+03, 6.56150896186141e+01, 3.56449966602474e+02
0114,-3.74773941501206e+04, 1.86099733579901e+06, 6.61361761223951e+06,-7.61486613756675e+03,-1.12388740101080e+01,-3.99407423455992e+01
0115,-8.12776032361769e+05, 3.05101039348036e+06, 6.10202078696071e+06, 7.56057189276582e+03, 4.06604835476621e+02, 8.13209670953241e+02
0116,-6.87869809911218e+04, 3.65789741571115e+06, 5.81352908115872e+06,-7.61650367228849e+03,-3.62181195229797e+01,-5.75617813138556e+01
0117,-1.11298134340783e+06, 4.16911896166607e+06, 5.34658183744287e+06, 7.51292364382753e+03, 7.63603478974294e+02, 9.79264091341903e+02
0118,-1.22146036246810e+06, 5.27064810683427e+06, 4.23126281445249e+06,-1.62264334775040e+03,-4.87805949682028e+03, 5.62100144173468e+03
0119,-1.02196413497219e+06, 5.79585776466949e+06, 3.54018761057004e+06,-1.78414697546329e+03,-4.08045277178100e+03, 6.18046641934550e+03
0120,-7.76448094954096e+05, 6.27102825987455e+06, 2.68969509980112e+06,-1.93025683807367e+03,-3.09878202007215e+03, 6.68660583040169e+03
0121,-6.78814896506072e+05, 6.41644002723663e+06, 2.35148377936625e+06,-1.97496498745757e+03,-2.70838813574869e+03, 6.84147940289229e+03
0122,-1.61834798996083e+06, 6.24733247778133e+06,-2.35159727963706e+06,-3.92956996145137e+03,-3.15830080749676e+03,-5.70999938753361e+03
0123,-1.43117459939965e+06, 6.20359924889143e+06,-2.57727079479156e+06,-3.34177655068967e+03,-3.26214472292042e+03,-6.01789824276134e+03
0124,-1.24772864816411e+06, 5.81540881419903e+06,-3.43470230597405e+06,-2.20367758973798e+03,-4.04621918629147e+03,-6.06620398612571e+03
0125,-1.19367278372546e+06, 5.35268879066097e+06,-4.13500381804934e+06,-1.64787114439681e+03,-4.76696553351725e+03,-5.70839309284390e+03
0126,-8.63850031183004e+04, 4.76105326235533e+06,-4.95005295896517e+06,-7.61662193032287e+03,-6.07522461398568e+01, 6.31639301635570e+01
0127,-2.57443959568113e+05, 4.22223782050340e+06,-5.41470278301836e+06, 7.60868574689877e+03, 1.80497357979976e+02,-2.31474300626955e+02
0128,-8.12776032361769e+05, 3.05101039348036e+06,-6.10202078696071e+06, 7.56057189276582e+03, 4.06604835476621e+02,-8.13209670953241e+02
0129,-4.34783180293226e+04, 2.47124954722907e+06,-6.40918538453433e+06,-7.61633536262596e+03,-1.43359272607806e+01, 3.71802255164872e+01
0130,-2.22802350618051e+04, 1.24365337131985e+06,-6.75607097770782e+06,-7.61601525788024e+03,-2.94747468621276e+00, 1.60119762019888e+01
0131,-1.61333537139150e+05, 6.22591511441676e+05,-6.83994086094476e+06, 7.61318305363128e+03, 1.69760429281771e+01,-1.86502911696804e+02
0132, 1.51245670685528e+05, 6.22627465326777e+05, 6.84033585901862e+06,-7.61344945260548e+03, 1.51978899498972e+01, 1.66967693195374e+02
0133, 4.39165274299091e+02, 1.24365718543264e+06, 6.75609169764261e+06, 7.61604560455054e+03,-8.38674386508567e-02,-4.55604737875005e-01
0134, 4.57156673654421e+05, 1.85697392940454e+06, 6.59931921917907e+06,-7.59779974703811e+03, 1.37263203528514e+02, 4.87806362161626e+02
0135, 7.27643379713945e+01, 3.07278413124051e+06, 6.14556826248101e+06, 7.61454799405344e+03, 3.67808293079403e+00, 7.35616586158910e+00
0136, 9.03541983864205e+05, 3.62602351054566e+06, 5.76287159858041e+06,-7.55010433719741e+03, 5.37910549814902e+02, 8.54906048206682e+02
0137, 1.37830991214686e+03, 4.22528811996698e+06, 5.41861456290775e+06, 7.61419182947395e+03, 4.10009722543418e+00, 5.25806664642777e+00
0138, 1.27271917661173e+06, 5.10775421440640e+06, 4.40882855531749e+06,-1.57149130991542e+03, 5.09456290821779e+03,-5.44380558485294e+03
0139, 1.38237157971859e+06, 5.54556645249867e+06, 3.80534249939570e+06,-2.10052495698859e+03, 4.49609201748420e+03,-5.78224914859519e+03
0140, 1.52123897558886e+06, 6.10959629680649e+06, 2.73945945192744e+06,-3.29038003819703e+03, 3.48193053398956e+03,-5.92534298733897e+03
0141, 1.48823286327237e+06, 6.14400130628968e+06, 2.68002177789479e+06,-3.30892127600113e+03, 3.40654047246021e+03,-5.95873219834918e+03
0142, 7.41798948892982e+05, 6.32386395799471e+06,-2.56966693696766e+06,-1.94595288279752e+03, 2.97223091872161e+03, 6.74097852428085e+03
0143, 9.89867213032503e+05, 5.86574965072049e+06,-3.42900061143779e+06,-1.80487088603369e+03, 3.96398460131450e+03, 6.25225615142441e+03
0144, 1.19218814731439e+06, 5.35433836697195e+06,-4.12986088665986e+06,-1.64740653913455e+03, 4.77270908266416e+03, 5.70678365300448e+03
0145, 1.27271917661173e+06, 5.10775421440640e+06,-4.40882855531749e+06,-1.57149130991542e+03, 5.09456290821779e+03, 5.44380558485294e+03
0146, 1.16479028848528e+06, 4.69202798663842e+06,-4.87828758448229e+06,-7.50613210667515e+03, 9.00942549660980e+02,-9.36707297326200e+02
0147, 1.37830991214686e+03, 4.22528811996698e+06,-5.41861456290775e+06, 7.61419182947395e+03, 4.10009722543418e+00,-5.25806664642777e+00
0148, 7.27643379713945e+01, 3.07278413124051e+06,-6.14556826248101e+06, 7.61454799405344e+03, 3.67808293079403e+00,-7.35616586158910e+00
0149, 6.10729746397267e+05, 2.46138527447993e+06,-6.38360239442158e+06,-7.58592386773977e+03, 2.46602351595248e+02,-6.39563167308736e+02
0150, 3.05109184360900e+05, 1.24240004182024e+06,-6.74926234175423e+06,-7.60833864304766e+03, 6.27594754869594e+01,-3.40937017252308e+02
0151, 6.19007556267673e+03, 6.22771407781519e+05,-6.84191724562559e+06, 7.61538305691547e+03, 1.42593300979486e-01,-1.56656447757229e+00
0152, 3.41501840749583e+05, 6.22018079344199e+05, 6.83364099729031e+06,-7.60576437159742e+03, 3.43143369273548e+01, 3.76985601236586e+02
0153, 3.35411821843486e+05, 1.24214052808877e+06, 6.74785254925905e+06, 7.60716803662160e+03,-6.73146698202629e+01,-3.65682832238071e+02
0154, 1.01724800322164e+06, 1.84067027852423e+06, 6.54137925842168e+06,-7.53041075981789e+03, 3.05396144576452e+02, 1.08531768510764e+03
0155, 8.20481464931778e+05, 3.05099251424692e+06, 6.10198502849384e+06, 7.56056641435974e+03,-4.02971107950321e+02,-8.05942215900640e+02
0156, 1.99523349878568e+06, 3.60598766228549e+06, 5.49240662969413e+06,-1.36553599928706e+03, 6.48533862744559e+03,-3.75899812234249e+03
0157, 2.26508371884100e+06, 4.08693367241125e+06, 5.03126065056131e+06,-1.86084483687474e+03, 6.12464020076232e+03,-4.13335512797676e+03
0158, 2.50698694708752e+06, 4.52533202560214e+06, 4.51460237231899e+06,-2.43673558254215e+03, 5.73305935248734e+03,-4.38809314681081e+03
0159, 2.72108911437651e+06, 4.90982822018156e+06, 3.95397392817397e+06,-3.08728786893733e+03, 5.32967042867557e+03,-4.48609186595601e+03
0160, 3.05204740028307e+06, 5.51775631921902e+06, 2.71771810305473e+06,-4.57052901545898e+03, 4.53936447931754e+03,-4.06986124943465e+03
0161, 3.01074427432006e+06, 5.55830432410238e+06, 2.68093943011145e+06,-4.60413420342008e+03, 4.47804284223944e+03,-4.09978523674558e+03
0162, 1.76677739300853e+06, 6.11838625470423e+06,-2.56727782707828e+06,-3.84770700156123e+03, 3.46325649731799e+03, 5.59104554387643e+03
0163, 1.54297536191753e+06, 5.74609098358785e+06,-3.42729549403743e+06,-2.61679227059199e+03, 4.17482067220787e+03, 5.81248448885554e+03
0164, 1.49930700491044e+06, 5.27856940937039e+06,-4.12723810958905e+06,-1.99933087797723e+03, 4.87576178206342e+03, 5.50368574697525e+03
0165, 1.40050998532099e+06, 4.65293127455015e+06,-4.85150890216699e+06,-1.43147827202606e+03, 5.60522194718762e+03, 4.95878619416006e+03
0166, 1.56191497010808e+06, 3.92897741897383e+06,-5.41063217065921e+06,-1.20864503740982e+03, 6.25002035105598e+03, 4.18686922621958e+03
0167, 1.70240618523229e+06, 3.07881705758307e+06,-5.89730801588368e+06,-9.47008132371664e+02, 6.81099188034798e+03, 3.28053240089727e+03
0168, 8.20481464931778e+05, 3.05099251424692e+06,-6.10198502849384e+06, 7.56056641435974e+03,-4.02971107950321e+02, 8.05942215900640e+02
0169, 1.11685990360336e+06, 2.43819015698387e+06,-6.32344586016345e+06,-7.51442296882731e+03, 4.48486539378960e+02,-1.16314978249407e+03
0170, 6.84872086816040e+05, 1.23739340563292e+06,-6.72206409647052e+06,-7.57767520247978e+03, 1.38979874869773e+02,-7.54999681379552e+02
0171, 1.73710007674723e+05, 6.22580956775207e+05,-6.83982490482726e+06, 7.61305437139562e+03,-1.66902597839544e+01, 1.83363228984132e+02
0172, 5.61860738530617e+05, 6.20712887626615e+05, 6.81930184554089e+06,-7.58953452413214e+03, 5.64543302916377e+01, 6.20220920848860e+02
0173, 5.92214641695142e+05, 6.20482495485331e+05, 6.81677070177769e+06,-7.58668016550122e+03, 5.95039682921799e+01, 6.53724981196063e+02
0174, 1.12255684672063e+06, 1.22682788939050e+06, 6.66466757482220e+06, 7.51435078274564e+03,-2.25320172178564e+02,-1.22403807286928e+03
0175, 2.21058768196545e+06, 2.28913580135093e+06, 6.08522583814706e+06,-8.66678515960948e+02, 7.18357670894045e+03,-2.38576128045887e+03
0176, 2.59389209724151e+06, 2.68846301583229e+06, 5.76161805062592e+06,-1.22383659097453e+03, 7.01175389772136e+03,-2.71841646808442e+03
0177, 2.97722951220647e+06, 3.08871457703986e+06, 5.36141898718718e+06,-1.66282140796943e+03, 6.80624788758874e+03,-2.99442224136141e+03
0178, 3.71946865878568e+06, 3.85547493452596e+06, 4.29487246278459e+06,-2.79900731372784e+03, 6.30720815258429e+03,-3.23201525208901e+03
0179, 4.05347243509608e+06, 4.20546324679949e+06, 3.60944440642444e+06,-3.48298383848559e+03, 6.02591018671822e+03,-3.10144863071964e+03
0180, 4.34706307405349e+06, 4.50199977085696e+06, 2.82489282705350e+06,-4.18628136981705e+03, 5.75636740046359e+03,-2.72041054205287e+03
0181, 4.57039452050515e+06, 4.74154123094607e+06, 1.94293468950818e+06,-4.83906926111888e+03, 5.51470606497907e+03,-2.05715184765305e+03
0182, 4.71664838227874e+06, 4.89046026842593e+06, 9.91479442472995e+05,-5.30731256745435e+03, 5.35232434532387e+03,-1.11564205743640e+03
0183, 4.54378515456191e+06, 5.05852090133358e+06, 9.55142127763528e+05,-5.48980281079555e+03, 5.15648299224593e+03,-1.15400305237605e+03
0184, 4.76781842286322e+06, 4.94111231297792e+06, 0.00000000000000e+00,-5.47946465874639e+03, 5.29478279748288e+03, 0.00000000000000e+00
0185, 4.17609710525158e+06, 5.15318230095124e+06,-1.77531368378482e+06,-5.25942385105920e+03, 5.03969572462747e+03, 2.23585010029290e+03
0186, 3.95367738284952e+06, 4.99130965207196e+06,-2.56925530847676e+06,-4.64155071456601e+03, 5.23626762328078e+03, 3.01626249645285e+03
0187, 3.85434596582739e+06, 4.52871354762133e+06,-3.43213077417917e+06,-3.75086335323931e+03, 5.73037183839613e+03, 3.33998391906942e+03
0188, 2.84192805311372e+06, 4.69199820736564e+06,-4.12956318423720e+06,-2.95024252628024e+03, 5.56594973689735e+03, 4.28695332654511e+03
0189, 2.69410591816672e+06, 4.04354406395179e+06,-4.85156772896812e+06,-2.17717571826587e+03, 6.16020200405838e+03, 3.92067564374728e+03
0190, 2.43542722684409e+06, 3.45743603527563e+06,-5.40963191417760e+06,-1.57408813240129e+03, 6.58433276719046e+03, 3.49640395857798e+03
0191, 2.15977707297592e+06, 2.67263567328643e+06,-5.94535623098441e+06,-1.01194553798159e+03, 7.01892311265265e+03, 2.78564708595867e+03
0192, 1.82474991622350e+06, 1.96861486364780e+06,-6.32111913201229e+06,-6.05411070016349e+02, 7.29903766638312e+03, 2.09720546546591e+03
0193, 1.83011771328783e+06, 1.90283741757474e+06,-6.33971372649256e+06,-5.85174489637787e+02, 7.32042949770372e+03, 2.02710389469167e+03
0194, 1.18274740000662e+06, 1.22496752378648e+06,-6.65456125230895e+06,-7.50156978071167e+03, 2.38909366885319e+02,-1.29786054308962e+03
0195, 3.63942687407144e+05, 6.21915163901610e+05,-6.83251034335742e+06, 7.60491335906728e+03,-3.58050773013249e+01, 3.93363235382891e+02
0196, 1.02320710080496e+06, 6.15876833567067e+05, 6.76617178648974e+06,-7.52983755875261e+03, 1.02803100382438e+02, 1.12941971423507e+03
0197, 1.87879626973627e+06, 1.13067635275895e+06, 6.50834119250818e+06,-3.47638013462548e+02, 7.51421206393519e+03,-1.20425340391889e+03
0198, 2.73658226067241e+06, 1.64906907465445e+06, 6.07856501312467e+06,-7.50487943097487e+02, 7.39622061099186e+03,-1.66700260366498e+03
0199, 3.19959185825514e+06, 1.92796986056143e+06, 5.76185089855073e+06,-1.03764444248320e+03, 7.31318143615483e+03,-1.86859850511010e+03
0200, 3.68471438751176e+06, 2.21485806713107e+06, 5.35420341216103e+06,-1.39204003753372e+03, 7.21287675636456e+03,-2.02275257590883e+03
0201, 4.18212864083608e+06, 2.51739830874856e+06, 4.82910619314473e+06,-1.82708985214402e+03, 7.09003848149678e+03,-2.10974163593797e+03
0202, 4.67633459365053e+06, 2.81752434867159e+06, 4.16407660638772e+06,-2.33288042643003e+03, 6.94998907562532e+03,-2.07733057048293e+03
0203, 5.13933437977835e+06, 3.09491354875575e+06, 3.33974193103384e+06,-2.87717071527084e+03, 6.80347554241598e+03,-1.86969886963204e+03
0204, 5.52739328228923e+06, 3.32734750309228e+06, 2.34976742216276e+06,-3.39501013945730e+03, 6.66727495633499e+03,-1.44326336415581e+03
0205, 5.79106165673735e+06, 3.48229246593984e+06, 1.21733021361552e+06,-3.77829268501812e+03, 6.56928139718839e+03,-7.94229126537454e+02
0206, 5.58284625225982e+06, 3.89449359640443e+06, 9.55861300003723e+05, 4.44420796302342e+03,-6.00109768158489e+03,-1.47290447124243e+03
0207, 5.88443971763882e+06, 3.53808233075257e+06, 0.00000000000000e+00,-3.92273197854309e+03, 6.53252764459069e+03, 0.00000000000000e+00
0208, 5.79106165673735e+06, 3.48229246593984e+06,-1.21733021361552e+06,-3.77829268501812e+03, 6.56928139718839e+03, 7.94229126537454e+02
0209, 5.52739328228923e+06, 3.32734750309228e+06,-2.34976742216276e+06,-3.39501013945730e+03, 6.66727495633499e+03, 1.44326336415581e+03
0210, 5.13933437977835e+06, 3.09491354875575e+06,-3.33974193103384e+06,-2.87717071527084e+03, 6.80347554241598e+03, 1.86969886963204e+03
0211, 4.63822769562633e+06, 2.92824673639707e+06,-4.13014403817071e+06,-2.42462354531148e+03, 6.89347911091683e+03, 2.15902390689431e+03
0212, 4.18212864083608e+06, 2.51739830874856e+06,-4.82910619314473e+06,-1.82708985214402e+03, 7.09003848149678e+03, 2.10974163593797e+03
0213, 3.00339357984123e+06, 2.97936415907453e+06,-5.40853545181442e+06,-1.60392041378075e+03, 6.86592658466327e+03, 2.88835285460009e+03
0214, 2.67672147562104e+06, 2.15401253863486e+06,-5.94560073907357e+06,-9.80432469628535e+02, 7.23501075966608e+03, 2.17776114142869e+03
0215, 2.29595568767552e+06, 1.39465495723482e+06,-6.32022379743910e+06,-5.27897008723674e+02, 7.45991615459026e+03, 1.45317579735615e+03
0216, 1.87879626973627e+06, 1.13067635275895e+06,-6.50834119250818e+06,-3.47638013462548e+02, 7.51421206393519e+03, 1.20425340391889e+03
0217, 1.28763286187261e+06, 1.22148588405478e+06,-6.63564745712406e+06,-7.48024503097400e+03, 2.59961587442581e+02,-1.41222544540342e+03
0218, 6.22182577983541e+05, 6.20243503961335e+05,-6.81414508311701e+06, 7.58447340251060e+03,-6.17528829536637e+01, 6.78432101359410e+02
0219, 1.54673336042701e+06, 6.06861711647267e+05, 6.66712947760433e+06,-7.41897312761479e+03, 1.55392432728839e+02, 1.70717883326484e+03
0220, 2.33367090260183e+06, 6.72039195923039e+05, 6.42404487734162e+06,-2.54252739424015e+02, 7.58161888104796e+03,-6.99897747546956e+02
0221, 2.79951886267339e+06, 8.10225666289687e+05, 6.21836136877089e+06,-3.68537597120697e+02, 7.56536215955177e+03,-8.18604935094660e+02
0222, 3.84200174850853e+06, 1.10752303949516e+06, 5.58275532592480e+06,-6.95668876031970e+02, 7.51954180517028e+03,-1.01086604769381e+03
0223, 4.41810170968141e+06, 1.26736190889852e+06, 5.10158442278343e+06,-9.19275234464263e+02, 7.48871663215685e+03,-1.06148760815460e+03
0224, 5.01334570677790e+06, 1.44474799402592e+06, 4.46417063605184e+06,-1.19551913189963e+03, 7.44935625882648e+03,-1.06455882271376e+03
0225, 5.59691007344848e+06, 1.61067046433550e+06, 3.63709264181555e+06,-1.49646811465532e+03, 7.40758977174459e+03,-9.72463930472078e+02
0226, 5.44057083951471e+06, 2.24654822179236e+06, 3.53549724901746e+06,-2.08795859964834e+03, 7.20130885289254e+03,-1.35683774788925e+03
0227, 6.10922833381019e+06, 1.75480381314475e+06, 2.59711313818354e+06,-1.78945439495485e+03, 7.36736064774188e+03,-7.60720546913823e+02
0228, 6.46802316517757e+06, 1.86076689214791e+06, 1.35963325691333e+06,-2.01779846113149e+03, 7.33540689746735e+03,-4.24158328354965e+02
0229, 6.56360348023169e+06, 1.88764410817387e+06, 7.08215656888924e+05,-2.23411903066226e+03, 6.82061404710057e+03, 2.55899172775008e+03
0230, 6.59995453969030e+06, 1.89388295548727e+06, 0.00000000000000e+00,-2.09860286606115e+03, 7.32500593906692e+03, 0.00000000000000e+00
0231, 6.46802316517757e+06, 1.86076689214791e+06,-1.35963325691333e+06,-2.01779846113149e+03, 7.33540689746735e+03, 4.24158328354965e+02
0232, 6.05003701273851e+06, 1.98207586281045e+06,-2.57195013080814e+06,-2.02148111558880e+03, 7.29620343184871e+03, 8.59358150820868e+02
0233, 5.28302211555086e+06, 2.72928914501028e+06,-3.43311588195303e+06,-2.53703123730707e+03, 6.99327730765985e+03, 1.64866283791842e+03
0234, 5.59691007344848e+06, 1.61067046433550e+06,-3.63709264181555e+06,-1.49646811465532e+03, 7.40758977174459e+03, 9.72463930472078e+02
0235, 5.01334570677790e+06, 1.44474799402592e+06,-4.46417063605184e+06,-1.19551913189963e+03, 7.44935625882648e+03, 1.06455882271376e+03
0236, 3.72323569279938e+06, 2.00461412425261e+06,-5.41017814521251e+06,-1.25981427423247e+03, 7.28804799290419e+03, 1.83061729523618e+03
0237, 3.30157997357331e+06, 9.53145731035053e+05,-5.94551192155632e+06,-5.12698088581207e+02, 7.54519573976017e+03, 9.23270864924579e+02
0238, 2.79951886267339e+06, 8.10225666289687e+05,-6.21836136877089e+06,-3.68537597120697e+02, 7.56536215955177e+03, 8.18604935094660e+02
0239, 1.89877436089016e+06, 5.48718130102018e+05,-6.57754733034174e+06,-1.68638426091077e+02, 7.59342714095795e+03, 5.84180644196388e+02
0240, 1.06799531770018e+06, 6.15254476863693e+05,-6.75933442528696e+06, 7.52347318543342e+03,-1.06546679662250e+02, 1.17054758124194e+03
0241, 2.34496476979502e+06, 4.84596086058112e+04, 6.45513422657542e+06,-1.81451691563250e+01, 7.61759501621866e+03,-4.99493655413044e+01
0242, 2.81926738847646e+06, 5.03107220639888e+04, 6.26222728858353e+06,-2.25802195971915e+01, 7.61787861925626e+03,-5.01557489444760e+01
0243, 3.89298661759462e+06, 6.86351451016814e+04, 5.65684067727646e+06,-4.24620690356369e+01, 7.61822497269959e+03,-6.17009979629593e+01
0244, 4.49528975890268e+06, 7.85174902706749e+04, 5.19071350477567e+06,-5.60656307376706e+01, 7.61832187107360e+03,-6.47390139973646e+01
0245, 5.12797421363949e+06, 9.18265371793546e+04, 4.56624243486958e+06,-7.48270577453060e+01, 7.61832054361189e+03,-6.66303050909026e+01
0246, 5.75724079015788e+06, 1.01991574714049e+05, 3.74128185735559e+06,-9.33093336879189e+01, 7.61830467818943e+03,-6.06360807151511e+01
0247, 6.31855611530279e+06, 1.13493287912745e+05, 2.68610112517571e+06,-1.14012817974014e+02, 7.61821050983557e+03,-4.84683451497288e+01
0248, 6.31116609700582e+06, 3.49542049367678e+05, 2.68295953141594e+06,-3.54945512564101e+02, 7.60952272611965e+03,-1.50891995461653e+02
0249, 6.71872634850550e+06, 1.24266367862724e+05, 1.41233318963804e+06,-1.32835076708742e+02, 7.61807004305408e+03,-2.79230583078573e+01
0250,-1.90127620001532e+06, 4.72466504487113e+05, 6.58621395529604e+06,-1.47452620757317e+02,-7.59546219509414e+03, 5.10790861721710e+02
0251, 6.86561299358024e+06, 1.20593283729465e+05, 0.00000000000000e+00,-1.31630438611150e+02, 7.61816042798184e+03, 0.00000000000000e+00
0252, 6.71872634850550e+06, 1.24266367862724e+05,-1.41233318963804e+06,-1.32835076708742e+02, 7.61807004305408e+03, 2.79230583078573e+01
0253, 6.40803569804922e+06, 1.70954573507806e+06,-1.77740963146104e+06,-2.73290289590631e+03, 4.93074190024539e+03,-5.12647773260337e+03
0254, 6.31855611530279e+06, 1.13493287912745e+05,-2.68610112517571e+06,-1.14012817974014e+02, 7.61821050983557e+03, 4.84683451497288e+01
0255, 5.75724079015788e+06, 1.01991574714049e+05,-3.74128185735559e+06,-9.33093336879189e+01, 7.61830467818943e+03, 6.06360807151511e+01
0256, 5.12797421363949e+06, 9.18265371793546e+04,-4.56624243486958e+06,-7.48270577453060e+01, 7.61832054361189e+03, 6.66303050909026e+01
0257, 4.49528975890268e+06, 7.85174902706749e+04,-5.19071350477567e+06,-5.60656307376706e+01, 7.61832187107360e+03, 6.47390139973646e+01
0258, 3.89298661759462e+06, 6.86351451016814e+04,-5.65684067727646e+06,-4.24620690356369e+01, 7.61822497269959e+03, 6.17009979629593e+01
0259, 2.81926738847646e+06, 5.03107220639888e+04,-6.26222728858353e+06,-2.25802195971915e+01, 7.61787861925626e+03, 5.01557489444760e+01
0260, 1.90490204417612e+06, 3.89350189326381e+04,-6.59877424790969e+06,-1.18572583997402e+01, 7.61733557636455e+03, 4.10747479736468e+01
0261, 2.33552802632322e+06,-6.21053333598500e+05, 6.42915710037000e+06, 2.35318339150877e+02, 7.58617575347591e+03, 6.47775815125151e+02
0262, 2.80272095016285e+06,-7.48097682689029e+05, 6.22547392564964e+06, 3.40841646478361e+02, 7.57228080255488e+03, 7.57085996307698e+02
0263, 3.84986981736761e+06,-1.02459898717983e+06, 5.59418829920359e+06, 6.44772260929939e+02, 7.53270391620485e+03, 9.36908936887559e+02
0264, 4.42901551840941e+06,-1.18031010009449e+06, 5.11418660359741e+06, 8.57749326548234e+02, 7.50472793561228e+03, 9.90443609159684e+02
0265, 5.02921817595955e+06,-1.34698457280130e+06, 4.47830439322454e+06, 1.11671466947278e+03, 7.47019198694946e+03, 9.94386808308243e+02
0266, 5.61912599591560e+06,-1.50103908161518e+06, 3.65152942337465e+06, 1.39720476789287e+03, 7.43401602107344e+03, 9.07958697517833e+02
0267, 6.31163438158141e+06,-3.43509135683601e+05, 2.68315860533449e+06, 3.52418410927818e+02, 7.60943498624507e+03, 1.49817691392064e+02
0268, 6.13752180066334e+06,-1.63820947049708e+06, 2.60914106224761e+06, 1.67361462804116e+03, 7.39831172095139e+03, 7.11475541794167e+02
0269, 6.50151369619344e+06,-1.73855975970718e+06, 1.36667325021547e+06, 1.88866586311578e+03, 7.37008013954938e+03, 3.97013562430348e+02
0270, 6.63121306973430e+06,-1.77217820439061e+06, 2.15078488590548e+05, 1.98168742982781e+03, 7.30276747072829e+03,-8.86292465532577e+02
0271, 6.63486253234069e+06,-1.77158155695560e+06, 0.00000000000000e+00, 1.96659496112434e+03, 7.36039849695656e+03, 0.00000000000000e+00
0272, 6.50151369619344e+06,-1.73855975970718e+06,-1.36667325021547e+06, 1.88866586311578e+03, 7.37008013954938e+03,-3.97013562430348e+02
0273, 6.57768058990110e+06,-8.91706299839240e+05,-1.78341259967848e+06,-2.20629371163105e+03,-3.25806245310658e+03,-6.51612490621315e+03
0274, 6.13752180066334e+06,-1.63820947049708e+06,-2.60914106224761e+06, 1.67361462804116e+03, 7.39831172095139e+03,-7.11475541794167e+02
0275, 5.61912599591560e+06,-1.50103908161518e+06,-3.65152942337465e+06, 1.39720476789287e+03, 7.43401602107344e+03,-9.07958697517833e+02
0276, 5.02921817595955e+06,-1.34698457280130e+06,-4.47830439322454e+06, 1.11671466947278e+03, 7.47019198694946e+03,-9.94386808308243e+02
0277, 4.42901551840941e+06,-1.18031010009449e+06,-5.11418660359741e+06, 8.57749326548234e+02, 7.50472793561228e+03,-9.90443609159684e+02
0278, 3.84986981736761e+06,-1.02459898717983e+06,-5.59418829920359e+06, 6.44772260929939e+02, 7.53270391620485e+03,-9.36908936887559e+02
0279, 2.80272095016285e+06,-7.48097682689029e+05,-6.22547392564964e+06, 3.40841646478361e+02, 7.57228080255488e+03,-7.57085996307698e+02
0280, 1.89992505864931e+06,-5.01456263601103e+05,-6.58153346430775e+06, 1.54317585078247e+02, 7.59680295563424e+03,-5.34571795713710e+02
0281, 1.54190416544306e+06,-6.06926349359010e+05, 6.66783960313215e+06,-7.42062934548307e+03,-1.54916172188756e+02, 1.70194651983188e+03
0282, 2.31385328632165e+06,-1.11965678113725e+06, 6.36949165983185e+06, 4.24053666190351e+02, 7.51520285147591e+03, 1.16731959890784e+03
0283, 2.74396733113288e+06,-1.58089064708969e+06, 6.09496891647727e+06, 7.19843728226558e+02, 7.41261696285720e+03, 1.59893490657942e+03
0284, 3.77510745651251e+06,-1.68160486090912e+06, 5.48555222989296e+06, 1.05770291992886e+03, 7.38572994957297e+03, 1.53693230664755e+03
0285, 4.27998593815283e+06,-2.10416551369741e+06, 4.94210206704071e+06, 1.52823825582462e+03, 7.25126229219352e+03, 1.76465753677245e+03
0286, 4.74975179975534e+06,-2.59273265490318e+06, 4.22945149869386e+06, 2.14806465357781e+03, 7.05385609584345e+03, 1.91276000334037e+03
0287, 5.44343128562278e+06,-2.24099014846430e+06, 3.53735607957851e+06, 2.08504657913551e+03, 7.20085566332232e+03, 1.35494540224834e+03
0288, 5.18570787077025e+06,-2.98720232222858e+06, 3.36987725224653e+06, 2.77857471104721e+03, 6.85919224825634e+03, 1.80562730214779e+03
0289, 5.58216086485681e+06,-3.22163465648603e+06, 2.37304984024584e+06, 3.28890419535258e+03, 6.72739186051585e+03, 1.39815633485252e+03
0290, 5.85502721424956e+06,-3.37261929318188e+06, 1.23077631562685e+06, 3.66120925129772e+03, 6.63572851277052e+03, 7.69617197010536e+02
0291, 5.94011752347493e+06,-3.42245420126172e+06, 4.15362447779825e+05, 3.82434938516863e+03, 6.54018210273157e+03,-7.93742118189601e+02
0292, 5.95098184411510e+06,-3.42877966723820e+06, 0.00000000000000e+00, 3.80351230963636e+03, 6.60022354298418e+03, 0.00000000000000e+00
0293, 5.85502721424956e+06,-3.37261929318188e+06,-1.23077631562685e+06, 3.66120925129772e+03, 6.63572851277052e+03,-7.69617197010536e+02
0294, 5.58216086485681e+06,-3.22163465648603e+06,-2.37304984024584e+06, 3.28890419535258e+03, 6.72739186051585e+03,-1.39815633485252e+03
0295, 5.18570787077025e+06,-2.98720232222858e+06,-3.36987725224653e+06, 2.77857471104721e+03, 6.85919224825634e+03,-1.80562730214779e+03
0296, 5.28653726404075e+06,-2.72390816827892e+06,-3.43540016391213e+06, 2.53388635643835e+03, 6.99283035212265e+03,-1.64661917044531e+03
0297, 4.71019547441313e+06,-2.71920580559791e+06,-4.19422827723836e+06, 2.25275240273942e+03, 6.99498053911183e+03,-2.00597998119464e+03
0298, 3.70080549502213e+06,-2.13525026611655e+06,-5.37758516001900e+06, 1.34278194653975e+03, 7.23987985536543e+03,-1.95117637999791e+03
0299, 3.21161191058734e+06,-1.84714988485257e+06,-5.78349670601591e+06, 9.94707057956968e+02, 7.33661824910901e+03,-1.79127651575212e+03
0300,-2.80645880838533e+06, 6.97556065359535e+05, 6.23377654989075e+06,-3.20485148212969e+02,-7.57339236868115e+03, 7.11869632844422e+02
0301, 1.88122593176267e+06,-1.08389681164490e+06,-6.51675778865809e+06, 3.33399309584717e+02, 7.52135572053283e+03,-1.15492908681823e+03
0302, 1.07059647461829e+06,-6.15181390156686e+05,-6.75853147705454e+06, 7.52345111374090e+03, 1.06814119250674e+02, 1.17348573721594e+03
0303, 1.01827610319744e+06,-6.15907650033587e+05, 6.76651034364099e+06,-7.53109299989684e+03,-1.02313667599436e+02, 1.12404268735692e+03
0304, 1.83874397070351e+06,-1.79851399437516e+06, 6.36959595873881e+06, 5.53085842117697e+02, 7.35067389725938e+03, 1.91594555898974e+03
0305, 2.70474556833146e+06,-1.94164488073941e+06, 6.00784855523542e+06, 8.83997799610741e+02, 7.30625589307904e+03, 1.96355803865830e+03
0306, 3.04669645632148e+06,-2.79252708922943e+06, 5.48651562203951e+06, 1.50337698466041e+03, 6.95885628362027e+03, 2.70729343418504e+03
0307, 3.40242846351391e+06,-3.34113774688593e+06, 4.94401795447757e+06, 2.10040748803360e+03, 6.65489734696535e+03, 3.05207073239466e+03
0308, 3.76473717131751e+06,-3.75660368798100e+06, 4.34714403857670e+06, 2.72707021097693e+03, 6.37665902162509e+03, 3.14894944081308e+03
0309, 4.11144807843541e+06,-4.10797194070806e+06, 3.66106924535222e+06, 3.40201775661274e+03, 6.10442586315500e+03, 3.02935178634597e+03
0310, 4.41533357748302e+06,-4.41079498052309e+06, 2.86925768952548e+06, 4.10118702530757e+03, 5.83884250447949e+03, 2.66511288491454e+03
0311, 4.65408635750289e+06,-4.64844663135816e+06, 1.97851318773235e+06, 4.74371326811689e+03, 5.60757404316474e+03, 2.01661476363878e+03
0312, 4.80749764642651e+06,-4.80103730927069e+06, 1.01057672733840e+06, 5.20988036076280e+03, 5.44720111741291e+03, 1.09516098228728e+03
0313, 4.84103209235737e+06,-4.83767195488400e+06, 5.87118817834187e+05, 5.40370969111300e+03, 5.32876795393997e+03,-6.46720151925834e+02
0314, 4.86178741486445e+06,-4.85245683156316e+06, 0.00000000000000e+00, 5.38075045313979e+03, 5.39088923065221e+03, 0.00000000000000e+00
0315, 4.80749764642651e+06,-4.80103730927069e+06,-1.01057672733840e+06, 5.20988036076280e+03, 5.44720111741291e+03,-1.09516098228728e+03
0316, 4.65408635750289e+06,-4.64844663135816e+06,-1.97851318773235e+06, 4.74371326811689e+03, 5.60757404316474e+03,-2.01661476363878e+03
0317, 4.41533357748302e+06,-4.41079498052309e+06,-2.86925768952548e+06, 4.10118702530757e+03, 5.83884250447949e+03,-2.66511288491454e+03
0318, 4.11144807843541e+06,-4.10797194070806e+06,-3.66106924535222e+06, 3.40201775661274e+03, 6.10442586315500e+03,-3.02935178634597e+03
0319, 3.76473717131751e+06,-3.75660368798100e+06,-4.34714403857670e+06, 2.72707021097693e+03, 6.37665902162509e+03,-3.14894944081308e+03
0320, 2.99997428075376e+06,-2.99976106495940e+06,-5.40237795036037e+06, 1.61486269605989e+03, 6.85190591813923e+03,-2.90805780503607e+03
0321, 2.60965087393357e+06,-2.60267145187387e+06,-5.79662183985111e+06, 1.18474342299102e+03, 7.04863452811819e+03,-2.63158174487079e+03
0322, 2.21966012382406e+06,-2.21919130871966e+06,-6.11020012804447e+06, 8.40175298472974e+02, 7.20802325046851e+03,-2.31280418168935e+03
0323, 1.83595595314735e+06,-1.83524507572179e+06,-6.35993798261951e+06, 5.64376560435588e+02, 7.33948470451256e+03,-1.95505775455081e+03
0324, 7.30879496235934e+05,-6.19237893957888e+05,-6.80309720850528e+06, 7.57305491280645e+03, 7.26786967055671e+01, 7.98465732636628e+02
0325, 6.24779239296059e+05,-6.20186116077918e+05,-6.81351460595586e+06, 7.58465027695868e+03, 6.20173459915630e+01, 6.81337556229727e+02
0326, 3.59055271324390e+05,-6.21901972659271e+05, 6.83236542118004e+06,-7.60519827411864e+03,-3.60801412002056e+01, 3.96385153874786e+02
0327, 7.14176657959004e+05,-1.23699025716473e+06, 6.71987401704124e+06, 7.57434457442359e+03, 1.43325148512808e+02,-7.78605115037324e+02
0328, 1.73254243909285e+06,-1.80082997662302e+06, 6.39979468048477e+06,-7.36907102999256e+03,-5.20173554077633e+02, 1.84859425238890e+03
0329, 2.18298782703678e+06,-2.51238206602313e+06, 6.00924995548415e+06, 9.51113334399489e+02, 7.08859264299575e+03, 2.61819039557302e+03
0330, 2.47105457178927e+06,-3.31031633596572e+06, 5.48876826451010e+06, 1.50663373972970e+03, 6.67348230606172e+03, 3.34657257321540e+03
0331, 2.74529878247183e+06,-3.90058056441587e+06, 4.94375625308714e+06, 2.09938738456727e+03, 6.26923175366791e+03, 3.78059378322446e+03
0332, 3.66367329555705e+06,-3.98319341137804e+06, 4.23044552682540e+06, 2.89140720615223e+03, 6.20522938295299e+03, 3.33870945761763e+03
0333, 3.97506592437408e+06,-4.34222880034764e+06, 3.53962675104767e+06, 3.59581591088901e+03, 5.90168026858068e+03, 3.20192078123326e+03
0334, 4.13325888050276e+06,-4.78418898149640e+06, 2.68595443980984e+06, 4.44796224912511e+03, 5.46543086538389e+03, 2.89046108568233e+03
0335, 4.45497021209624e+06,-4.87359288012271e+06, 1.89386630125110e+06, 4.97319095739701e+03, 5.36742620609877e+03, 2.11416874086551e+03
0336, 4.55087638727895e+06,-5.05572357988152e+06, 9.56632764947156e+05, 5.48589430244466e+03, 5.15616542292068e+03, 1.15318145081355e+03
0337, 4.28711010495891e+06,-5.29123718763669e+06, 9.01186858162919e+05, 5.74108891092885e+03, 4.85706527514775e+03, 1.20682551915086e+03
0338, 4.32489954001752e+06,-5.33703503972150e+06, 0.00000000000000e+00, 5.91732942212553e+03, 4.79507611251388e+03, 0.00000000000000e+00
0339, 4.17874400583388e+06,-5.15469042315616e+06,-1.77643891595853e+06, 5.25965283464004e+03, 5.03432368669843e+03,-2.23594744421815e+03
0340, 3.61974263935604e+06,-5.34390110518716e+06,-2.35225135764173e+06, 4.96763054954410e+03, 4.78581164600313e+03,-3.22816201831034e+03
0341, 2.97479726199955e+06,-5.15250000000000e+06,-3.43500000000000e+06, 3.73918860731149e+03, 5.03725028095816e+03,-4.31764309796414e+03
0342, 2.77897337567795e+06,-4.81332307955539e+06,-4.03808468324929e+06, 3.02489937978135e+03, 5.43392943669735e+03,-4.39543608469638e+03
0343, 2.55507878925024e+06,-4.41557614149055e+06,-4.60120655068109e+06, 2.37631373538794e+03, 5.83424270802096e+03,-4.27928499572760e+03
0344, 2.30027247420964e+06,-3.97484430531609e+06,-5.10942279474867e+06, 1.80884136695857e+03, 6.21148611677289e+03,-4.01784371896986e+03
0345, 2.01904234162465e+06,-3.49708391832672e+06,-5.55794675135589e+06, 1.32363477849484e+03, 6.55509272026851e+03,-3.64365395685433e+03
0346, 1.71841249423404e+06,-2.96792899143362e+06,-5.95275549674902e+06, 9.12494234036168e+02, 6.86827056592911e+03,-3.16097274992858e+03
0347, 1.82545257784159e+06,-1.96700192301080e+06,-6.32355322325844e+06, 6.04876214027541e+02, 7.29733954046966e+03,-2.09535266997121e+03
0348, 1.18183051242206e+06,-1.22513990043210e+06,-6.65549767790755e+06,-7.50089678746460e+03,-2.38698157601896e+02,-1.29671316155807e+03
0349, 3.66531483139519e+05,-6.21866731335190e+05,-6.83197825147381e+06, 7.60520209325318e+03, 3.60672643161785e+01, 3.96243685313781e+02
0350,-3.31240027676086e+06, 8.19999100690378e+05, 5.96499721105751e+06,-4.44761636446555e+02,-7.55797423905052e+03, 8.00930352410030e+02
0351, 3.34332737773884e+05,-1.24229283555057e+06, 6.74867995024238e+06, 7.60635221201050e+03, 6.70906753149179e+01,-3.64465995769335e+02
0352, 6.59446554867993e+05,-2.46030335115520e+06, 6.38079642641735e+06, 7.57999335743676e+03, 2.62952364000523e+02,-6.81966922389753e+02
0353, 1.43581548593386e+06,-3.00443441235512e+06, 6.00886882471024e+06,-7.44758927180457e+03,-7.11840585844819e+02, 1.42368117168963e+03
0354, 1.99342567718232e+06,-3.62109362697047e+06, 5.48743012375354e+06, 1.37054130302269e+03, 6.47177809205463e+03, 3.77277654147885e+03
0355, 2.22567502479707e+06,-4.21960505273728e+06, 4.94372507296483e+06, 1.92013345238270e+03, 6.00975560628189e+03, 4.26504848471684e+03
0356, 2.34998367080004e+06,-4.87548977948212e+06, 4.23186960244444e+06, 2.62356724333470e+03, 5.36538290376602e+03, 4.72454111277179e+03
0357, 2.43661507697788e+06,-5.36004097343742e+06, 3.54060895560695e+06, 3.36805135099422e+03, 4.76384739469341e+03, 4.89406508600643e+03
0358, 3.01505093633627e+06,-5.55876540626772e+06, 2.68477432904656e+06, 4.60184862138894e+03, 4.47515385979200e+03, 4.09775002337979e+03
0359, 2.64056242174560e+06,-5.89082048251261e+06, 2.35130827101785e+06, 4.87628003253490e+03, 3.91890891105102e+03, 4.34211949616356e+03
0360, 1.66640076264022e+06,-6.21085689577991e+06,-2.42142204551734e+06, 3.90174150794735e+03, 3.25695828285107e+03,-5.66956227761504e+03
0361, 1.54391287266727e+06,-5.75079562360949e+06,-3.42937791638034e+06, 2.61603260496177e+03, 4.16713878650003e+03,-5.81079710054353e+03
0362, 1.44848268211067e+06,-5.40545404792135e+06,-3.98733075154545e+06, 2.04518540370914e+03, 4.70058194587021e+03,-5.62991242735358e+03
0363, 1.32429441639215e+06,-4.94127557929845e+06,-4.58749042674191e+06, 1.51866722386256e+03, 5.29080476215830e+03,-5.26081758303904e+03
0364, 1.40383896261435e+06,-4.64673324440442e+06,-4.86304081778566e+06, 1.42822107537295e+03, 5.60902944953544e+03,-4.94750293397317e+03
0365, 1.56342773290133e+06,-3.92800777373520e+06,-5.41587253469460e+06, 1.20746920925299e+03, 6.24767471375103e+03,-4.18279603800238e+03
0366, 1.65104209936465e+06,-2.98229569361289e+06,-5.96459138722576e+06,-7.39244779904235e+03,-8.18513367654533e+02,-1.63702673530906e+03
0367, 5.01564066747557e+05,-1.85582211140503e+06,-6.59522588510432e+06, 7.59623805736279e+03, 1.48340090654394e+02, 5.27171435058448e+02
0368, 6.84003014353260e+05,-1.23755252896412e+06,-6.72292852424802e+06,-7.57690365510887e+03,-1.38789447364736e+02,-7.53965195589744e+02
0369, 1.68677188736871e+05,-6.22556006757079e+05,-6.83955079789627e+06, 7.61363120741911e+03, 1.61854667334904e+01, 1.77817450494162e+02
0370, 1.53578761982109e+05,-6.22587134380157e+05, 6.83989277348876e+06,-7.61382959018627e+03,-1.54332661878908e+01, 1.69553593449983e+02
0371, 7.01247593861977e+03,-1.24379855806891e+06, 6.75685969585416e+06, 7.61517014480358e+03, 1.40321629469195e+00,-7.62288681290396e+00
0372, 5.59477900986955e+03,-2.47184361640577e+06, 6.41072610286808e+06, 7.61475108375543e+03, 2.19977346156834e+00,-5.70511219110011e+00
0373, 7.59423875822739e+05,-3.05328600594659e+06, 6.10657201189317e+06,-7.56951505946095e+03,-3.76562738136296e+02, 7.53125476272588e+02
0374, 7.89346110902736e+02,-3.65924982778300e+06, 5.81567848176131e+06, 7.61436847107377e+03, 3.67756943674369e-01,-5.84479400007170e-01
0375, 3.56701670735601e+03,-4.76335440567304e+06, 4.95244545084903e+06, 7.61404126793857e+03, 2.53284639124101e+00,-2.63339288235693e+00
0376, 1.22228500315808e+06,-5.27226392053238e+06, 4.23411945359852e+06, 1.62028786416440e+03, 4.88278204511859e+03, 5.61284180723995e+03
0377, 1.28599273672166e+06,-5.74754827341521e+06, 3.54003430536189e+06, 2.17444690885809e+03, 4.17275198930419e+03, 5.98573882475340e+03
0378, 1.49216663475029e+06,-6.14577209962833e+06, 2.68710574539089e+06, 3.30606548913712e+03, 3.40539231135788e+03, 5.95358947426514e+03
0379, 1.30772530399789e+06,-6.32174893637863e+06, 2.35496230510062e+06, 3.40053199581110e+03, 2.98413462881388e+03, 6.12370552358501e+03
0380, 6.80381294218455e+05,-6.41988342129422e+06,-2.35690994021165e+06, 1.97241168936823e+03, 2.71624694204916e+03,-6.83263451885704e+03
0381, 7.44987934536388e+05,-6.32584697999523e+06,-2.58071390728562e+06, 1.94357987545627e+03, 2.97447475868197e+03,-6.73275818571726e+03
0382, 9.92613611840131e+05,-5.86657193991295e+06,-3.43851441598309e+06, 1.80269544819965e+03, 3.96437649510126e+03,-6.24472021370986e+03
0383, 1.19453760984851e+06,-5.35438584789640e+06,-4.13799966361900e+06, 1.64549792352714e+03, 4.77180934651171e+03,-5.70017201459612e+03
0384, 1.03716290632537e+06,-4.17563705738613e+06,-5.35494080549155e+06,-7.52907556647280e+03,-7.07185036927639e+02,-9.06911678202087e+02
0385, 7.89346110902736e+02,-3.65924982778300e+06,-5.81567848176131e+06, 7.61436847107377e+03, 3.67756943674369e-01, 5.84479400007170e-01
0386, 7.59423875822739e+05,-3.05328600594659e+06,-6.10657201189317e+06,-7.56951505946095e+03,-3.76562738136296e+02,-7.53125476272588e+02
0387, 6.95404342489353e+03,-1.86071360428419e+06,-6.61260928637709e+06, 7.61625534613884e+03,-1.84689314666524e-01,-6.56349410485758e-01
0388, 3.04280333565373e+05,-1.24255006855744e+06,-6.75007735284048e+06,-7.60750432524680e+03,-6.25858317094736e+01,-3.39993708037274e+02
0389, 1.14599040473379e+03,-6.22735329576935e+05,-6.84152088174787e+06, 7.61582406572146e+03,-6.49499905754948e-01,-7.13556298617696e+00
0390,-1.39566660931048e+04,-6.22733070253425e+05, 6.84149606027360e+06,-7.61582004146328e+03, 1.40193953426604e+00,-1.54020466530220e+01
0391,-3.27930415483647e+05,-1.24241494489168e+06, 6.74934330177957e+06, 7.60628878556787e+03,-6.58086026992366e+01, 3.57501214593202e+02
0392,-6.55888323441856e+05,-2.46068450881771e+06, 6.38178495876628e+06, 7.57957206183206e+03,-2.61554715088218e+02, 6.78342120114541e+02
0393,-5.40032606915616e+04,-3.07182388271643e+06, 6.14364776543286e+06,-7.61645953800520e+03, 2.67152570124664e+01,-5.34305140249344e+01
0394,-9.70592674148979e+05,-3.62282935098389e+06, 5.75779509221847e+06, 7.53742148071343e+03,-5.72933646395240e+02, 9.10568568868826e+02
0395,-4.22552503208991e+05,-4.75449058933853e+06, 4.94322976728983e+06, 7.59936856310720e+03,-3.24834967546172e+02, 3.37729952527726e+02
0396,-1.32420215306208e+06,-4.94479023609179e+06, 4.58717081719124e+06, 1.51761430894751e+03,-5.29107505583987e+03,-5.25717017878123e+03
0397,-1.22053830876298e+06,-5.28028287863101e+06, 4.22806872672332e+06, 1.62075289308688e+03,-4.87711328623963e+03,-5.61445271468141e+03
0398,-1.02111848399079e+06,-5.80465434249743e+06, 3.53725818963950e+06, 1.78198407152460e+03,-4.08075630987326e+03,-6.17297390031809e+03
0399,-7.73828219682977e+05,-6.28209287604598e+06, 2.68061958564296e+06, 1.92883719100358e+03,-3.09319658975928e+03,-6.68168802869325e+03
0400,-4.44083741172948e+06, 1.10198176108993e+06, 5.12783735017876e+06,-8.03982524578524e+02,-7.51321992278991e+03, 9.28359053978320e+02
0401,-1.61247023371413e+06,-6.01800855793120e+06,-2.90374943949217e+06, 3.23436757759669e+03,-3.68086614236721e+03, 5.82447529522769e+03
0402,-1.44777549557700e+06,-5.41012615874120e+06,-3.98538403402676e+06, 2.04446179493990e+03,-4.69898270495869e+03, 5.62792050329867e+03
0403,-1.32420215306208e+06,-4.94479023609179e+06,-4.58717081719124e+06, 1.51761430894751e+03,-5.29107505583987e+03, 5.25717017878123e+03
0404,-2.68914782258720e+05,-4.22039584560642e+06,-5.41234058860278e+06,-7.61134493145099e+03, 1.83196505039703e+02, 2.34935753940887e+02
0405,-9.70592674148979e+05,-3.62282935098389e+06,-5.75779509221847e+06, 7.53742148071343e+03,-5.72933646395240e+02,-9.10568568868826e+02
0406,-5.40032606915616e+04,-3.07182388271643e+06,-6.14364776543286e+06,-7.61645953800520e+03, 2.67152570124664e+01, 5.34305140249344e+01
0407,-4.95288765858273e+05,-1.85579754876496e+06,-6.59513859432435e+06, 7.59612837901694e+03,-1.51007400725796e+02,-5.36650529158249e+02
0408,-2.30721807957747e+04,-1.24379625924245e+06,-6.75684720761980e+06,-7.61513544031734e+03, 3.10614675942687e+00, 1.68739525480343e+01
0409,-1.66385889038684e+05,-6.22544261708081e+05,-6.83942176394853e+06, 7.61348717507093e+03,-1.74847617316910e+01,-1.92091819458863e+02
0410,-1.81483792138429e+05,-6.22508615028413e+05, 6.83903014090785e+06,-7.61328072487803e+03, 1.82369929961079e+01,-2.00356013987396e+02
0411,-7.07556911958248e+05,-1.23725694791509e+06, 6.72132279825317e+06, 7.57424586602406e+03,-1.41980386230367e+02, 7.71299776075621e+02
0412,-7.61924790198844e+05,-2.45674786661462e+06, 6.37157527771629e+06, 7.56731698716649e+03,-3.03831021754973e+02, 7.87985716045382e+02
0413,-8.74226085280607e+05,-3.04674303650903e+06, 6.09348607301804e+06,-7.55526119739696e+03, 4.33441039259336e+02,-8.66882078518673e+02
0414,-1.71766504679631e+06,-2.98042760031567e+06, 5.95016626287275e+06, 9.13830240974237e+02,-6.86229993537740e+03,-3.16560081372057e+03
0415,-1.58371288040713e+06,-3.82571598485922e+06, 5.48614234693278e+06, 1.17363251002780e+03,-6.32737978979799e+03,-4.06558227356549e+03
0416,-1.42640707405365e+06,-4.56014166758383e+06, 4.94121904907314e+06, 1.39937427412045e+03,-5.69920933279226e+03,-4.84757468316286e+03
0417,-1.53601630358105e+06,-5.19717508128215e+06, 4.22829013959584e+06, 1.96385883418591e+03,-4.98520105150366e+03,-5.40603958746219e+03
0418,-1.96449839097687e+06,-5.55649626399656e+06, 3.53768459250434e+06, 2.98588922836199e+03,-4.48392153480616e+03,-5.37701347408494e+03
0419,-1.84746095232596e+06,-6.05205862736534e+06, 2.68451790138821e+06, 3.79851075770939e+03,-3.61130624179132e+03,-5.51955921712346e+03
0420,-2.89108389040859e+06,-5.67986196211261e+06,-2.57438695928661e+06, 4.69607338355310e+03,-4.28917583732958e+03, 4.18165315734354e+03
0421,-3.13944640526867e+06,-5.43841541895777e+06,-2.79554319122876e+06, 4.49609538981916e+03,-4.65743939074536e+03, 4.00358127886194e+03
0422,-2.77916637567661e+06,-4.81841058930490e+06,-4.03836512866316e+06, 3.02300788167297e+03,-5.43129205382662e+03, 4.39268757706159e+03
0423,-2.55238589567750e+06,-4.42801423887473e+06,-4.59635716615356e+06, 2.37857022053513e+03,-5.82490150018427e+03, 4.28334849243244e+03
0424,-2.29939773361858e+06,-3.98406528103132e+06,-5.10747979905338e+06, 1.80926413715417e+03,-6.20586112475952e+03, 4.01878278671013e+03
0425,-2.01882115641299e+06,-3.50473480546706e+06,-5.55733788070310e+06, 1.32340738221673e+03,-6.55118784100027e+03, 3.64302798860240e+03
0426,-8.74226085280607e+05,-3.04674303650903e+06,-6.09348607301804e+06,-7.55526119739696e+03, 4.33441039259336e+02, 8.66882078518673e+02
0427,-1.05512820429248e+06,-1.83847678996444e+06,-6.53358403255423e+06, 7.52522011934593e+03,-3.19132986104679e+02,-1.13413571150670e+03
0428,-3.57977340684844e+05,-1.24214711740853e+06,-6.74788834533617e+06,-7.60504000558091e+03, 7.03119921316933e+01, 3.81965602619327e+02
0429,-3.56637397379706e+05,-6.21877677733406e+05,-6.83209851125098e+06, 7.60533462928200e+03,-3.66033903610270e+01,-4.02133695655042e+02
0430,-3.79323438942008e+05,-6.21765996505515e+05, 6.83087155428160e+06,-7.60444141502328e+03, 3.81190748227126e+01,-4.18785371579403e+02
0431,-1.11507875533041e+06,-1.22742035096938e+06, 6.66788608616211e+06, 7.51352868046212e+03,-2.23741631677633e+02, 1.21546274801474e+03
0432,-1.10765080215590e+06,-1.83620030907761e+06, 6.52549386831948e+06,-7.51726875163219e+03, 3.32649078868320e+02,-1.18216924031984e+03
0433,-1.83636768398173e+06,-1.84179192873773e+06, 6.36136426006788e+06, 5.63872352454214e+02,-7.33633154661179e+03,-1.95331112686816e+03
0434,-1.73466608538610e+06,-2.84942804987817e+06, 6.00905958811065e+06, 8.73567729851795e+02,-6.93019211760672e+03,-3.02612738391182e+03
0435,-2.47054398652681e+06,-3.32059709449509e+06, 5.48763413974538e+06, 1.50742791648888e+03,-6.66752297086342e+03,-3.34833661851091e+03
0436,-2.74519714809149e+06,-3.90798898272096e+06, 4.94357322907295e+06, 2.09876913815848e+03,-6.26467672124079e+03,-3.77948044009075e+03
0437,-2.91177073569317e+06,-4.56825264823274e+06, 4.23105054256509e+06, 2.86580696490201e+03,-5.69029252293126e+03,-4.16426127411052e+03
0438,-3.06582663825166e+06,-5.03163050203895e+06, 3.54011166976664e+06, 3.64575279174697e+03,-5.18844726789252e+03,-4.20975271142789e+03
0439,-4.13266358866912e+06,-4.79137963720497e+06, 2.68556759572633e+06, 4.44665642949426e+03,-5.45999076617961e+03,-2.88961251264675e+03
0440,-4.45475652077576e+06,-4.88022819071159e+06, 1.89377545826642e+06, 4.97119894394973e+03,-5.36245631410537e+03,-2.11332190980718e+03
0441,-4.54640177310097e+06,-5.06594971198896e+06, 9.55692163144592e+05, 5.48785572995656e+03,-5.14671304001792e+03,-1.15359375949088e+03
0442,-4.85747441485698e+06,-4.86337186851089e+06, 0.00000000000000e+00, 5.38322505880299e+03,-5.38110526597801e+03, 0.00000000000000e+00
0443,-4.80340442172826e+06,-4.81201456195129e+06,-1.00971629683504e+06, 5.21232874696939e+03,-5.43748192601090e+03, 1.09567565380703e+03
0444,-4.65402487471415e+06,-4.65553424591067e+06,-1.97848705059200e+06, 4.74194904086527e+03,-5.60218673109943e+03, 2.01586476748155e+03
0445,-4.41501118908913e+06,-4.41873791545326e+06,-2.86904818884744e+06, 4.10027680084840e+03,-5.83279963978244e+03, 2.66452138520499e+03
0446,-4.10969473299276e+06,-4.11918095747734e+06,-3.65950796597957e+06, 3.40385562255287e+03,-6.09590751877883e+03, 3.03098832761860e+03
0447,-3.76436708256395e+06,-3.76620667052566e+06,-4.34671669689372e+06, 2.72751575683393e+03,-6.36988172924594e+03, 3.14946391285404e+03
0448,-3.38835974211596e+06,-3.39480105937554e+06,-4.92357490565704e+06, 2.12851734226869e+03,-6.62109886230988e+03, 3.09291674151026e+03
0449,-2.60956535149999e+06,-2.61395079528018e+06,-5.79643187528107e+06, 1.18596475979236e+03,-7.04251997545510e+03, 2.63429460874359e+03
0450,-5.04635372030077e+06, 1.25459027222597e+06, 4.49356286498272e+06,-1.04329087006571e+03,-7.48352516370492e+03, 9.29006044947492e+02
0451,-1.83636768398173e+06,-1.84179192873773e+06,-6.36136426006788e+06, 5.63872352454214e+02,-7.33633154661179e+03, 1.95331112686816e+03
0452,-7.45044967530046e+05,-1.23654024286331e+06,-6.71742934183553e+06,-7.57071558648181e+03, 1.47983159760494e+02, 8.03909476630394e+02
0453,-6.14911721161734e+05,-6.20204713478019e+05,-6.81371892148944e+06, 7.58487338121301e+03,-6.25581843065651e+01,-6.87279336710122e+02
0454,-6.45118477129167e+05,-6.19950777231638e+05, 6.81092911649568e+06,-7.58256698024064e+03, 6.48318934488386e+01,-7.12258855033670e+02
0455,-1.88182785926496e+06,-1.09096204855331e+06, 6.51884292669094e+06, 3.33101519136958e+02,-7.51786971423474e+03,-1.15389751044718e+03
0456,-2.30206545009840e+06,-1.33198215942770e+06, 6.33704253051355e+06, 5.01311954784386e+02,-7.46987024155674e+03,-1.37999342216259e+03
0457,-2.70597749048107e+06,-1.94644367641860e+06, 6.01058493154876e+06, 8.82313415509467e+02,-7.30257233679600e+03,-1.95981664253302e+03
0458,-3.04714302784395e+06,-2.80147213766601e+06, 5.48731981164931e+06, 1.50346708677344e+03,-6.95333897565577e+03,-2.70745569079897e+03
0459,-4.20862432438552e+06,-2.43242104540633e+06, 4.85970077320397e+06, 1.75989377555784e+03,-7.12112949081003e+03,-2.03215029012694e+03
0460,-4.71244850318369e+06,-2.72618205316442e+06, 4.19623450331331e+06, 2.25092592004592e+03,-6.98935655172165e+03,-2.00435357621793e+03
0461,-5.18671055788072e+06,-2.99770235400285e+06, 3.37052883782923e+06, 2.77967755572619e+03,-6.85160244414419e+03,-1.80634397406397e+03
0462,-5.58335990837564e+06,-3.23131938290164e+06, 2.37355956938115e+06, 3.28919772590522e+03,-6.72007094495247e+03,-1.39828111854252e+03
0463,-5.85339958516937e+06,-3.38717940217228e+06, 1.23043417420731e+06, 3.66676409961577e+03,-6.62525062871858e+03,-7.70784873179495e+02
0464,-5.94097983740108e+06,-3.43227138860547e+06, 4.16553900090245e+05, 3.82483246789920e+03,-6.53263264614964e+03, 7.92825886567241e+02
0465,-5.94918014425303e+06,-3.44332722773560e+06, 0.00000000000000e+00, 3.80916199388956e+03,-6.58965014936137e+03, 0.00000000000000e+00
0466,-5.85339958516937e+06,-3.38717940217228e+06,-1.23043417420731e+06, 3.66676409961577e+03,-6.62525062871858e+03, 7.70784873179495e+02
0467,-5.58335990837564e+06,-3.23131938290164e+06,-2.37355956938115e+06, 3.28919772590522e+03,-6.72007094495247e+03, 1.39828111854252e+03
0468,-5.18671055788072e+06,-2.99770235400285e+06,-3.37052883782923e+06, 2.77967755572619e+03,-6.85160244414419e+03, 1.80634397406397e+03
0469,-4.64466813306876e+06,-2.92738379309191e+06,-4.13587897316132e+06, 2.41743922240401e+03,-6.88889782806482e+03, 2.15262657360848e+03
0470,-4.71244850318369e+06,-2.72618205316442e+06,-4.19623450331331e+06, 2.25092592004592e+03,-6.98935655172165e+03, 2.00435357621793e+03
0471,-3.70220658810717e+06,-2.14400374605637e+06,-5.37962106744296e+06, 1.34274339444422e+03,-7.23398613850064e+03, 1.95112036052398e+03
0472,-3.21262403722175e+06,-1.85722984537776e+06,-5.78531935184584e+06, 9.95500648142902e+02,-7.33072588018863e+03, 1.79270561937796e+03
0473,-2.74528515145001e+06,-1.58598472641472e+06,-6.09789609195028e+06, 7.18339935074157e+02,-7.40859054533645e+03, 1.59559464358990e+03
0474,-2.30206545009840e+06,-1.33198215942770e+06,-6.33704253051355e+06, 5.01311954784386e+02,-7.46987024155674e+03, 1.37999342216259e+03
0475,-1.06080749969772e+06,-6.15212506535960e+05,-6.75887332911988e+06, 7.52381370779346e+03,-1.07368873232696e+02,-1.17958039857843e+03
0476,-7.21026929016429e+05,-6.19259564219851e+05,-6.80333528324216e+06, 7.57331350098011e+03,-7.32221856972603e+01,-8.04436634091972e+02
0477,-1.11331953842667e+06,-6.14446707293802e+05, 6.75046007350773e+06,-7.51582200040831e+03, 1.11891012935830e+02,-1.22926171861882e+03
0478,-1.90053297425300e+06,-5.16463825645520e+05, 6.58363934573237e+06, 1.56521952542579e+02,-7.59255435508852e+03,-5.42207948607265e+02
0479,-2.31460708144456e+06,-1.12975185559402e+06, 6.37156667978970e+06, 4.24794338184578e+02,-7.51054325792611e+03,-1.16935849399155e+03
0480,-3.30859048900405e+06,-8.88447664836140e+05, 5.95813651444923e+06, 4.74338889307703e+02,-7.54953344765377e+03,-8.54193308600777e+02
0481,-3.77680417208205e+06,-1.69087610252350e+06, 5.48801770193136e+06, 1.05809259554672e+03,-7.37963985915900e+03,-1.53749853846450e+03
0482,-4.28114506016845e+06,-2.11639257940355e+06, 4.94344050585619e+06, 1.53064067222304e+03,-7.24374542852392e+03,-1.76743160828114e+03
0483,-4.75207794541290e+06,-2.59987022720435e+06, 4.23152283223976e+06, 2.14639266851110e+03,-7.04809026471799e+03,-1.91127117191418e+03
0484,-5.44739616743290e+06,-2.24546377098636e+06, 3.53993261596520e+06, 2.08071684647738e+03,-7.19568568221088e+03,-1.35213177140824e+03
0485,-6.14071854347468e+06,-1.65030286510432e+06, 2.61050003956865e+06, 1.67688015108950e+03,-7.39028553690822e+03,-7.12863758496566e+02
0486,-6.50528486813136e+06,-1.74888050924084e+06, 1.36746598250065e+06, 1.89012548327575e+03,-7.36241763660329e+03,-3.97320386951719e+02
0487,-6.63442430625757e+06,-1.78467137499286e+06, 2.16594708711173e+05, 1.98564525016895e+03,-7.29443520276877e+03, 8.85281228855122e+02
0488,-6.63867331215961e+06,-1.78199150711301e+06, 0.00000000000000e+00, 1.96815468338341e+03,-7.35266978504343e+03, 0.00000000000000e+00
0489,-6.50528486813136e+06,-1.74888050924084e+06,-1.36746598250065e+06, 1.89012548327575e+03,-7.36241763660329e+03, 3.97320386951719e+02
0490,-6.05547296760434e+06,-1.98792073481676e+06,-2.57426102655949e+06, 2.02116354513993e+03,-7.28780572056129e+03, 8.59223147455454e+02
0491,-6.14071854347468e+06,-1.65030286510432e+06,-2.61050003956865e+06, 1.67688015108950e+03,-7.39028553690822e+03, 7.12863758496566e+02
0492,-5.62199340353299e+06,-1.51374235935574e+06,-3.65339277779869e+06, 1.40085895972679e+03,-7.42608227408052e+03, 9.10333335319150e+02
0493,-5.03242734160087e+06,-1.35561389575592e+06,-4.48116201842338e+06, 1.11671617802005e+03,-7.46351183804663e+03, 9.94388151605306e+02
0494,-4.43121812315694e+06,-1.19372119767388e+06,-5.11672995248522e+06, 8.61333288075692e+02,-7.49743501412808e+03, 9.94582011464986e+02
0495,-3.85204143917736e+06,-1.03455912753500e+06,-5.59734385040265e+06, 6.45803488018566e+02,-7.52651205275579e+03, 9.38407397559348e+02
0496,-3.30859048900405e+06,-8.88447664836140e+05,-5.95813651444923e+06, 4.74338889307703e+02,-7.54953344765377e+03, 8.54193308600777e+02
0497,-2.33652655466732e+06,-6.31524083108451e+05,-6.43190581308981e+06, 2.36278132939585e+02,-7.58161874503682e+03, 6.50417900761467e+02
0498,-1.66519522502299e+06,-6.04078548558299e+05,-6.63655297505804e+06, 7.38762615051297e+03,-1.68109736950279e+02,-1.84689421194689e+03
0499,-8.35886593314602e+05,-3.61625482427934e-10, 6.81942155961901e+06, 7.55852155720910e+03,-4.91317880677245e-14, 9.26512071445202e+02
0500,-5.64153643453494e+06, 1.40210517900451e+06, 3.66609260919194e+06,-1.30823691372283e+03,-7.45109787401813e+03, 8.50143881214994e+02
0501,-1.90585306759632e+06,-6.82830942873677e+03, 6.60206868967563e+06,-1.25935003393111e-01,-7.61377620787356e+03, 4.36251648652949e-01
0502,-2.82116463318655e+06,-1.65071571243227e+03, 6.26644149602099e+06,-2.39195038290997e+00,-7.61315865306048e+03, 5.31306006021707e+00
0503,-3.33641346952398e+06,-2.33835085664858e+02, 6.00824036281835e+06,-3.48912602947226e+00,-7.61288761858577e+03, 6.28324637602734e+00
0504,-4.49934169817542e+06,-4.65488737738812e+03, 5.19539228123538e+06,-1.21031034343078e+00,-7.61243975122671e+03, 1.39754600515291e+00
0505,-5.13295570232422e+06,-1.96831300916025e+03, 4.57067823818555e+06,-3.44675018046529e+00,-7.61226598845917e+03, 3.06918410285168e+00
0506,-5.76316185490303e+06,-3.83371613669052e+03, 3.74512959847234e+06,-1.97909446713490e+00,-7.61212927931542e+03, 1.28609354615593e+00
0507,-6.32538465198068e+06,-7.16941915395581e+03, 2.68900402573068e+06, 1.36795263170628e+00,-7.61202944657593e+03,-5.81534615829584e-01
0508,-6.31729132596673e+06,-3.49559867778261e+05, 2.68556344663068e+06, 3.50501601457448e+02,-7.60238845540800e+03,-1.49002830531246e+02
0509,-6.72627902272855e+06,-2.35417447656878e+03, 1.41392082573489e+06,-3.67026541699263e+00,-7.61197040390833e+03, 7.71520879758746e-01
0510,-6.80028462083415e+06,-9.93589842040446e+05, 1.20585955168352e+05, 1.10266657695260e+03,-7.47652594402747e+03, 9.07380474472309e+02
0511,-6.87329845361262e+06,-6.17190496148909e+03, 0.00000000000000e+00, 5.13894517295368e-01,-7.61195012199165e+03, 0.00000000000000e+00
0512,-6.72627902272855e+06,-2.35417447656878e+03,-1.41392082573489e+06,-3.67026541699263e+00,-7.61197040390833e+03,-7.71520879758746e-01
0513,-6.23729486175830e+06,-1.28387143362614e+06,-2.56774286725229e+06,-3.18902631131846e+03, 3.09486156534256e+03, 6.18972313068511e+03
0514,-6.32538465198068e+06,-7.16941915395581e+03,-2.68900402573068e+06, 1.36795263170628e+00,-7.61202944657593e+03, 5.81534615829584e-01
0515,-5.76316185490303e+06,-3.83371613669052e+03,-3.74512959847234e+06,-1.97909446713490e+00,-7.61212927931542e+03,-1.28609354615593e+00
0516,-5.13295570232422e+06,-1.96831300916025e+03,-4.57067823818555e+06,-3.44675018046529e+00,-7.61226598845917e+03,-3.06918410285168e+00
0517,-4.49934169817542e+06,-4.65488737738812e+03,-5.19539228123538e+06,-1.21031034343078e+00,-7.61243975122671e+03,-1.39754600515291e+00
0518,-3.89622179784480e+06,-3.18772492640780e+03,-5.66154166935150e+06,-2.09451424262616e+00,-7.61264799958975e+03,-3.04350734558892e+00
0519,-3.33641346952398e+06,-2.33835085664858e+02,-6.00824036281835e+06,-3.48912602947226e+00,-7.61288761858577e+03,-6.28324637602734e+00
0520,-2.34635515622784e+06,-4.99690779504345e+02,-6.45896163207265e+06,-2.49108018657770e+00,-7.61345532966464e+03,-6.85735546249161e+00
